{
 "cells": [
  {
   "cell_type": "markdown",
   "metadata": {},
   "source": [
    "# Προχωρημένες Υπολογιστικές Μέθοδοι Ι\n",
    "## Homework 1 - Jacobi Method\n",
    "### Synetos Giorgos - Aravanis Dimitris"
   ]
  },
  {
   "cell_type": "code",
   "execution_count": 77,
   "metadata": {
    "collapsed": false
   },
   "outputs": [],
   "source": [
    "#-------------------------------\n",
    "#Import Library & Settings\n",
    "#-------------------------------\n",
    "import numpy as np\n",
    "#from IPython.core.display import display, HTML\n",
    "from IPython.display import display, Markdown, Latex\n",
    "import matplotlib.pyplot as plt\n",
    "from IPython.display import Image\n",
    "%matplotlib inline"
   ]
  },
  {
   "cell_type": "markdown",
   "metadata": {},
   "source": [
    "# Poisson equation\n",
    "\n",
    "$ \\bigtriangledown ^2  \\Phi =4 $\n",
    "\n",
    "subject to B.C:  $ Φ(x,y) = x^2 + y^2 $\n",
    "\n"
   ]
  },
  {
   "cell_type": "markdown",
   "metadata": {},
   "source": [
    "### Grid Definition\n",
    "For the present demonstration  we are considering a grid of 5x5. \n",
    "\n",
    "However the grid can be adjsuted."
   ]
  },
  {
   "cell_type": "code",
   "execution_count": 78,
   "metadata": {
    "collapsed": false
   },
   "outputs": [],
   "source": [
    "#-------------------------------\n",
    "#Set the Grid\n",
    "#-------------------------------\n",
    "\n",
    "L, H = 1,1 #Size of the grid (Length,Height)\n",
    "IM,JM =4,4 #Number of columns & rows\n",
    "Dx,Dy = L/(IM-1) , H/(JM-1)\n",
    "a = Dx/Dy \n",
    "f = 4 # Η τιμή απο τη εξίσωση Poison που καλούμαστε να λύσουμε\n",
    "\n",
    "# Set array size and set the interior value with v_init\n",
    "v_init = 0 #initial guess for interior nodes\n",
    "v = np.empty((JM, IM))\n",
    "v_new = np.empty((JM, IM))\n",
    "A= np.empty((JM, IM))\n",
    "\n",
    "\n",
    "v.fill(v_init)"
   ]
  },
  {
   "cell_type": "markdown",
   "metadata": {},
   "source": [
    "### Analytical Solution {u}"
   ]
  },
  {
   "cell_type": "code",
   "execution_count": 79,
   "metadata": {
    "collapsed": false
   },
   "outputs": [],
   "source": [
    "u = np.empty((JM, IM))\n",
    "for i in range(JM):\n",
    "    for j in range(IM):\n",
    "        u[i, j] = (j*Dx)**2 + (i*Dy)**2\n",
    "uk = u.flatten()\n"
   ]
  },
  {
   "cell_type": "markdown",
   "metadata": {},
   "source": [
    "### Boundary Conditions"
   ]
  },
  {
   "cell_type": "code",
   "execution_count": 80,
   "metadata": {
    "collapsed": false
   },
   "outputs": [],
   "source": [
    "#-------------------------------\n",
    "#Set Boundary conditions\n",
    "#-------------------------------\n",
    "\n",
    "#Top Boundary\n",
    "bc_top = np.empty(IM)\n",
    "for i in range(IM):\n",
    "    bc_top[i] = (i*Dx)**2 + ((JM-1)*Dy)**2\n",
    "v[(JM-1):, :] = bc_top\n",
    "\n",
    "  \n",
    "#Bottom Boundary\n",
    "bc_bottom = np.empty(IM)\n",
    "for i in range(IM):\n",
    "    bc_bottom[i] = (i*Dx)**2\n",
    "v[:1, :] = bc_bottom\n",
    "\n",
    "\n",
    "#Right Boundary\n",
    "bc_right = np.empty(JM)\n",
    "for i in range(JM):\n",
    "    bc_right[i] = (i*Dy)**2 + ((IM-1)*Dx)**2\n",
    "bc_right = bc_right[np.newaxis, :].T\n",
    "v[:, (IM-1):] = bc_right\n",
    "\n",
    "#Left Boundary\n",
    "bc_left = np.empty(JM)\n",
    "for i in range(0, JM):\n",
    "    bc_left[i] = (i*Dy)**2\n",
    "bc_left = bc_left[np.newaxis, :].T\n",
    "v[:, :1] = bc_left \n",
    "\n",
    "vk = v.flatten()\n"
   ]
  },
  {
   "cell_type": "markdown",
   "metadata": {},
   "source": [
    "### Boundary Nodes"
   ]
  },
  {
   "cell_type": "code",
   "execution_count": 81,
   "metadata": {
    "collapsed": false
   },
   "outputs": [],
   "source": [
    "BN = list()\n",
    "\n",
    "#Nodes located on Bottom\n",
    "for k in range (IM):\n",
    "    BN.append(k)\n",
    "#Nodes located on Top\n",
    "for k in range ((IM*(JM-1)),IM*JM):\n",
    "    BN.append(k)\n",
    "#Nodes located on the Left Side excluding first and last node\n",
    "for i in range (1,JM-1):\n",
    "    k = i*(IM)\n",
    "    BN.append(k)\n",
    "#Nodes located on the Right Side excluding first and last node\n",
    "for i in range (1,JM-1):\n",
    "    k = (i+1)*IM-1\n",
    "    BN.append(k)\n",
    "BN = sorted(BN)\n"
   ]
  },
  {
   "cell_type": "markdown",
   "metadata": {},
   "source": [
    "### Vector b\n"
   ]
  },
  {
   "cell_type": "code",
   "execution_count": 82,
   "metadata": {
    "collapsed": false
   },
   "outputs": [],
   "source": [
    "b = np.empty(IM*JM)\n",
    "for k in range (IM*JM):\n",
    "    if k not in BN:\n",
    "        b[k]=4"
   ]
  },
  {
   "cell_type": "markdown",
   "metadata": {},
   "source": [
    "### Matrix A"
   ]
  },
  {
   "cell_type": "code",
   "execution_count": 83,
   "metadata": {
    "collapsed": false
   },
   "outputs": [],
   "source": [
    "dim = (IM*JM,IM*JM)\n",
    "A = np.zeros(dim)\n",
    "\n",
    "#Boundary Nodes A[i,i]=1\n",
    "for index in BN:\n",
    "    A[index,index] = 1\n",
    "\n",
    "    \n",
    "#Inner Nodes\n",
    "for k in range (IM*JM):\n",
    "    if k not in BN:\n",
    "        A[k,k]= -2*(Dx**2+Dy**2)/((Dx**2) * (Dy**2))\n",
    "        vertical_neighbours = [k+IM,k-IM]\n",
    "        for v_neighbour in vertical_neighbours:\n",
    "            A[k,v_neighbour]= Dx**2/((Dx**2) * (Dy**2))\n",
    "        horizontal_neighbours = [k+1,k-1]\n",
    "        for h_neighbour in horizontal_neighbours:\n",
    "            A[k,h_neighbour]= Dy**2/((Dx**2) * (Dy**2))\n",
    "\n",
    "\n",
    "\n",
    "            "
   ]
  },
  {
   "cell_type": "markdown",
   "metadata": {},
   "source": [
    "### Matrix A Decomposition\n",
    "[A]{x} = {b} is transformed into ( [D] - [L] - [U] ){x}=b"
   ]
  },
  {
   "cell_type": "code",
   "execution_count": 84,
   "metadata": {
    "collapsed": true
   },
   "outputs": [],
   "source": [
    "Diag = np.diag(np.diag(A))\n",
    "Lower = np.tril(A,-1)\n",
    "Upper = np.triu(A,1)"
   ]
  },
  {
   "cell_type": "markdown",
   "metadata": {
    "collapsed": true
   },
   "source": [
    "### Further Simplifications\n",
    "Define T = inv.D (L+U)\n",
    "and    c = inv.D {b}\n",
    "Jacobi method is written as\n",
    "{x_new} = [T]{x_old}+[c]"
   ]
  },
  {
   "cell_type": "code",
   "execution_count": 85,
   "metadata": {
    "collapsed": false
   },
   "outputs": [],
   "source": [
    "# T = np.dot(np.linalg.inv(D),(L+U))\n",
    "# c = np.dot(np.linalg.inv(D),b)"
   ]
  },
  {
   "cell_type": "markdown",
   "metadata": {},
   "source": [
    "### Conditional Number"
   ]
  },
  {
   "cell_type": "code",
   "execution_count": 86,
   "metadata": {
    "collapsed": false
   },
   "outputs": [
    {
     "name": "stdout",
     "output_type": "stream",
     "text": [
      "288.385069932\n"
     ]
    }
   ],
   "source": [
    "def conditional_number(matrix):\n",
    "    inv_matrix = np.linalg.inv(matrix)\n",
    "    cond_a = np.linalg.norm(matrix) * np.linalg.norm(inv_matrix)\n",
    "    return cond_a\n",
    "\n",
    "cond_a = conditional_number(A)\n",
    "print(cond_a)"
   ]
  },
  {
   "cell_type": "markdown",
   "metadata": {},
   "source": [
    "### Jacobi Method"
   ]
  },
  {
   "cell_type": "code",
   "execution_count": 87,
   "metadata": {
    "collapsed": false
   },
   "outputs": [
    {
     "data": {
      "text/plain": [
       "9.0"
      ]
     },
     "execution_count": 87,
     "metadata": {},
     "output_type": "execute_result"
    }
   ],
   "source": [
    "k=5\n",
    "Upper[k][k+1]"
   ]
  },
  {
   "cell_type": "code",
   "execution_count": 88,
   "metadata": {
    "collapsed": false
   },
   "outputs": [
    {
     "name": "stdout",
     "output_type": "stream",
     "text": [
      "v_new=\n",
      " [ 0.          0.11111111  0.44444444  1.          0.11111111 -0.05555556\n",
      "  0.          1.11111111  0.44444444  0.          0.          1.44444444\n",
      "  1.          1.11111111  1.44444444  2.        ]\n",
      "A[ 5 ]\n",
      " [  0.   9.   0.   0.   9. -36.   9.   0.   0.   9.   0.   0.   0.   0.   0.\n",
      "   0.]\n",
      "Av[ 5 ]\n",
      " 4.0\n",
      "v_new=\n",
      " [ 0.          0.11111111  0.44444444  1.          0.11111111 -0.05555556\n",
      "  0.26388889  1.11111111  0.44444444  0.          0.          1.44444444\n",
      "  1.          1.11111111  1.44444444  2.        ]\n",
      "A[ 6 ]\n",
      " [  0.   0.   9.   0.   0.   9. -36.   9.   0.   0.   9.   0.   0.   0.   0.\n",
      "   0.]\n",
      "Av[ 6 ]\n",
      " 4.0\n",
      "v_new=\n",
      " [ 0.          0.11111111  0.44444444  1.          0.11111111 -0.05555556\n",
      "  0.26388889  1.11111111  0.44444444  0.26388889  0.          1.44444444\n",
      "  1.          1.11111111  1.44444444  2.        ]\n",
      "A[ 9 ]\n",
      " [  0.   0.   0.   0.   0.   9.   0.   0.   9. -36.   9.   0.   0.   9.   0.\n",
      "   0.]\n",
      "Av[ 9 ]\n",
      " 4.0\n",
      "v_new=\n",
      " [ 0.          0.11111111  0.44444444  1.          0.11111111 -0.05555556\n",
      "  0.26388889  1.11111111  0.44444444  0.26388889  0.74305556  1.44444444\n",
      "  1.          1.11111111  1.44444444  2.        ]\n",
      "A[ 10 ]\n",
      " [  0.   0.   0.   0.   0.   0.   9.   0.   0.   9. -36.   9.   0.   0.   9.\n",
      "   0.]\n",
      "Av[ 10 ]\n",
      " 4.0\n",
      "v_new=\n",
      " [ 0.          0.11111111  0.44444444  1.          0.11111111  0.07638889\n",
      "  0.26388889  1.11111111  0.44444444  0.26388889  0.74305556  1.44444444\n",
      "  1.          1.11111111  1.44444444  2.        ]\n",
      "A[ 5 ]\n",
      " [  0.   9.   0.   0.   9. -36.   9.   0.   0.   9.   0.   0.   0.   0.   0.\n",
      "   0.]\n",
      "Av[ 5 ]\n",
      " 4.0\n",
      "v_new=\n",
      " [ 0.          0.11111111  0.44444444  1.          0.11111111  0.07638889\n",
      "  0.48263889  1.11111111  0.44444444  0.26388889  0.74305556  1.44444444\n",
      "  1.          1.11111111  1.44444444  2.        ]\n",
      "A[ 6 ]\n",
      " [  0.   0.   9.   0.   0.   9. -36.   9.   0.   0.   9.   0.   0.   0.   0.\n",
      "   0.]\n",
      "Av[ 6 ]\n",
      " 4.0\n",
      "v_new=\n",
      " [ 0.          0.11111111  0.44444444  1.          0.11111111  0.07638889\n",
      "  0.48263889  1.11111111  0.44444444  0.48263889  0.74305556  1.44444444\n",
      "  1.          1.11111111  1.44444444  2.        ]\n",
      "A[ 9 ]\n",
      " [  0.   0.   0.   0.   0.   9.   0.   0.   9. -36.   9.   0.   0.   9.   0.\n",
      "   0.]\n",
      "Av[ 9 ]\n",
      " 4.0\n",
      "v_new=\n",
      " [ 0.          0.11111111  0.44444444  1.          0.11111111  0.07638889\n",
      "  0.48263889  1.11111111  0.44444444  0.48263889  0.85243056  1.44444444\n",
      "  1.          1.11111111  1.44444444  2.        ]\n",
      "A[ 10 ]\n",
      " [  0.   0.   0.   0.   0.   0.   9.   0.   0.   9. -36.   9.   0.   0.   9.\n",
      "   0.]\n",
      "Av[ 10 ]\n",
      " 4.0\n",
      "v_new=\n",
      " [ 0.          0.11111111  0.44444444  1.          0.11111111  0.18576389\n",
      "  0.48263889  1.11111111  0.44444444  0.48263889  0.85243056  1.44444444\n",
      "  1.          1.11111111  1.44444444  2.        ]\n",
      "A[ 5 ]\n",
      " [  0.   9.   0.   0.   9. -36.   9.   0.   0.   9.   0.   0.   0.   0.   0.\n",
      "   0.]\n",
      "Av[ 5 ]\n",
      " 4.0\n",
      "v_new=\n",
      " [ 0.          0.11111111  0.44444444  1.          0.11111111  0.18576389\n",
      "  0.53732639  1.11111111  0.44444444  0.48263889  0.85243056  1.44444444\n",
      "  1.          1.11111111  1.44444444  2.        ]\n",
      "A[ 6 ]\n",
      " [  0.   0.   9.   0.   0.   9. -36.   9.   0.   0.   9.   0.   0.   0.   0.\n",
      "   0.]\n",
      "Av[ 6 ]\n",
      " 4.0\n",
      "v_new=\n",
      " [ 0.          0.11111111  0.44444444  1.          0.11111111  0.18576389\n",
      "  0.53732639  1.11111111  0.44444444  0.53732639  0.85243056  1.44444444\n",
      "  1.          1.11111111  1.44444444  2.        ]\n",
      "A[ 9 ]\n",
      " [  0.   0.   0.   0.   0.   9.   0.   0.   9. -36.   9.   0.   0.   9.   0.\n",
      "   0.]\n",
      "Av[ 9 ]\n",
      " 4.0\n",
      "v_new=\n",
      " [ 0.          0.11111111  0.44444444  1.          0.11111111  0.18576389\n",
      "  0.53732639  1.11111111  0.44444444  0.53732639  0.87977431  1.44444444\n",
      "  1.          1.11111111  1.44444444  2.        ]\n",
      "A[ 10 ]\n",
      " [  0.   0.   0.   0.   0.   0.   9.   0.   0.   9. -36.   9.   0.   0.   9.\n",
      "   0.]\n",
      "Av[ 10 ]\n",
      " 4.0\n",
      "v_new=\n",
      " [ 0.          0.11111111  0.44444444  1.          0.11111111  0.21310764\n",
      "  0.53732639  1.11111111  0.44444444  0.53732639  0.87977431  1.44444444\n",
      "  1.          1.11111111  1.44444444  2.        ]\n",
      "A[ 5 ]\n",
      " [  0.   9.   0.   0.   9. -36.   9.   0.   0.   9.   0.   0.   0.   0.   0.\n",
      "   0.]\n",
      "Av[ 5 ]\n",
      " 4.0\n",
      "v_new=\n",
      " [ 0.          0.11111111  0.44444444  1.          0.11111111  0.21310764\n",
      "  0.55099826  1.11111111  0.44444444  0.53732639  0.87977431  1.44444444\n",
      "  1.          1.11111111  1.44444444  2.        ]\n",
      "A[ 6 ]\n",
      " [  0.   0.   9.   0.   0.   9. -36.   9.   0.   0.   9.   0.   0.   0.   0.\n",
      "   0.]\n",
      "Av[ 6 ]\n",
      " 4.0\n",
      "v_new=\n",
      " [ 0.          0.11111111  0.44444444  1.          0.11111111  0.21310764\n",
      "  0.55099826  1.11111111  0.44444444  0.55099826  0.87977431  1.44444444\n",
      "  1.          1.11111111  1.44444444  2.        ]\n",
      "A[ 9 ]\n",
      " [  0.   0.   0.   0.   0.   9.   0.   0.   9. -36.   9.   0.   0.   9.   0.\n",
      "   0.]\n",
      "Av[ 9 ]\n",
      " 4.0\n",
      "v_new=\n",
      " [ 0.          0.11111111  0.44444444  1.          0.11111111  0.21310764\n",
      "  0.55099826  1.11111111  0.44444444  0.55099826  0.88661024  1.44444444\n",
      "  1.          1.11111111  1.44444444  2.        ]\n",
      "A[ 10 ]\n",
      " [  0.   0.   0.   0.   0.   0.   9.   0.   0.   9. -36.   9.   0.   0.   9.\n",
      "   0.]\n",
      "Av[ 10 ]\n",
      " 4.0\n",
      "v_new=\n",
      " [ 0.          0.11111111  0.44444444  1.          0.11111111  0.21994358\n",
      "  0.55099826  1.11111111  0.44444444  0.55099826  0.88661024  1.44444444\n",
      "  1.          1.11111111  1.44444444  2.        ]\n",
      "A[ 5 ]\n",
      " [  0.   9.   0.   0.   9. -36.   9.   0.   0.   9.   0.   0.   0.   0.   0.\n",
      "   0.]\n",
      "Av[ 5 ]\n",
      " 4.0\n",
      "v_new=\n",
      " [ 0.          0.11111111  0.44444444  1.          0.11111111  0.21994358\n",
      "  0.55441623  1.11111111  0.44444444  0.55099826  0.88661024  1.44444444\n",
      "  1.          1.11111111  1.44444444  2.        ]\n",
      "A[ 6 ]\n",
      " [  0.   0.   9.   0.   0.   9. -36.   9.   0.   0.   9.   0.   0.   0.   0.\n",
      "   0.]\n",
      "Av[ 6 ]\n",
      " 4.0\n",
      "v_new=\n",
      " [ 0.          0.11111111  0.44444444  1.          0.11111111  0.21994358\n",
      "  0.55441623  1.11111111  0.44444444  0.55441623  0.88661024  1.44444444\n",
      "  1.          1.11111111  1.44444444  2.        ]\n",
      "A[ 9 ]\n",
      " [  0.   0.   0.   0.   0.   9.   0.   0.   9. -36.   9.   0.   0.   9.   0.\n",
      "   0.]\n",
      "Av[ 9 ]\n",
      " 4.0\n",
      "v_new=\n",
      " [ 0.          0.11111111  0.44444444  1.          0.11111111  0.21994358\n",
      "  0.55441623  1.11111111  0.44444444  0.55441623  0.88831923  1.44444444\n",
      "  1.          1.11111111  1.44444444  2.        ]\n",
      "A[ 10 ]\n",
      " [  0.   0.   0.   0.   0.   0.   9.   0.   0.   9. -36.   9.   0.   0.   9.\n",
      "   0.]\n",
      "Av[ 10 ]\n",
      " 4.0\n",
      "v_new=\n",
      " [ 0.          0.11111111  0.44444444  1.          0.11111111  0.22165256\n",
      "  0.55441623  1.11111111  0.44444444  0.55441623  0.88831923  1.44444444\n",
      "  1.          1.11111111  1.44444444  2.        ]\n",
      "A[ 5 ]\n",
      " [  0.   9.   0.   0.   9. -36.   9.   0.   0.   9.   0.   0.   0.   0.   0.\n",
      "   0.]\n",
      "Av[ 5 ]\n",
      " 4.0\n",
      "v_new=\n",
      " [ 0.          0.11111111  0.44444444  1.          0.11111111  0.22165256\n",
      "  0.55527072  1.11111111  0.44444444  0.55441623  0.88831923  1.44444444\n",
      "  1.          1.11111111  1.44444444  2.        ]\n",
      "A[ 6 ]\n",
      " [  0.   0.   9.   0.   0.   9. -36.   9.   0.   0.   9.   0.   0.   0.   0.\n",
      "   0.]\n",
      "Av[ 6 ]\n",
      " 4.0\n",
      "v_new=\n",
      " [ 0.          0.11111111  0.44444444  1.          0.11111111  0.22165256\n",
      "  0.55527072  1.11111111  0.44444444  0.55527072  0.88831923  1.44444444\n",
      "  1.          1.11111111  1.44444444  2.        ]\n",
      "A[ 9 ]\n",
      " [  0.   0.   0.   0.   0.   9.   0.   0.   9. -36.   9.   0.   0.   9.   0.\n",
      "   0.]\n",
      "Av[ 9 ]\n",
      " 4.0\n",
      "v_new=\n",
      " [ 0.          0.11111111  0.44444444  1.          0.11111111  0.22165256\n",
      "  0.55527072  1.11111111  0.44444444  0.55527072  0.88874647  1.44444444\n",
      "  1.          1.11111111  1.44444444  2.        ]\n",
      "A[ 10 ]\n",
      " [  0.   0.   0.   0.   0.   0.   9.   0.   0.   9. -36.   9.   0.   0.   9.\n",
      "   0.]\n",
      "Av[ 10 ]\n",
      " 4.0\n",
      "v_new=\n",
      " [ 0.          0.11111111  0.44444444  1.          0.11111111  0.22207981\n",
      "  0.55527072  1.11111111  0.44444444  0.55527072  0.88874647  1.44444444\n",
      "  1.          1.11111111  1.44444444  2.        ]\n",
      "A[ 5 ]\n",
      " [  0.   9.   0.   0.   9. -36.   9.   0.   0.   9.   0.   0.   0.   0.   0.\n",
      "   0.]\n",
      "Av[ 5 ]\n",
      " 4.0\n",
      "v_new=\n",
      " [ 0.          0.11111111  0.44444444  1.          0.11111111  0.22207981\n",
      "  0.55548435  1.11111111  0.44444444  0.55527072  0.88874647  1.44444444\n",
      "  1.          1.11111111  1.44444444  2.        ]\n",
      "A[ 6 ]\n",
      " [  0.   0.   9.   0.   0.   9. -36.   9.   0.   0.   9.   0.   0.   0.   0.\n",
      "   0.]\n",
      "Av[ 6 ]\n",
      " 4.0\n",
      "v_new=\n",
      " [ 0.          0.11111111  0.44444444  1.          0.11111111  0.22207981\n",
      "  0.55548435  1.11111111  0.44444444  0.55548435  0.88874647  1.44444444\n",
      "  1.          1.11111111  1.44444444  2.        ]\n",
      "A[ 9 ]\n",
      " [  0.   0.   0.   0.   0.   9.   0.   0.   9. -36.   9.   0.   0.   9.   0.\n",
      "   0.]\n",
      "Av[ 9 ]\n",
      " 4.0\n",
      "v_new=\n",
      " [ 0.          0.11111111  0.44444444  1.          0.11111111  0.22207981\n",
      "  0.55548435  1.11111111  0.44444444  0.55548435  0.88885329  1.44444444\n",
      "  1.          1.11111111  1.44444444  2.        ]\n",
      "A[ 10 ]\n",
      " [  0.   0.   0.   0.   0.   0.   9.   0.   0.   9. -36.   9.   0.   0.   9.\n",
      "   0.]\n",
      "Av[ 10 ]\n",
      " 4.0\n",
      "v_new=\n",
      " [ 0.          0.11111111  0.44444444  1.          0.11111111  0.22218662\n",
      "  0.55548435  1.11111111  0.44444444  0.55548435  0.88885329  1.44444444\n",
      "  1.          1.11111111  1.44444444  2.        ]\n",
      "A[ 5 ]\n",
      " [  0.   9.   0.   0.   9. -36.   9.   0.   0.   9.   0.   0.   0.   0.   0.\n",
      "   0.]\n",
      "Av[ 5 ]\n",
      " 4.0\n",
      "v_new=\n",
      " [ 0.          0.11111111  0.44444444  1.          0.11111111  0.22218662\n",
      "  0.55553775  1.11111111  0.44444444  0.55548435  0.88885329  1.44444444\n",
      "  1.          1.11111111  1.44444444  2.        ]\n",
      "A[ 6 ]\n",
      " [  0.   0.   9.   0.   0.   9. -36.   9.   0.   0.   9.   0.   0.   0.   0.\n",
      "   0.]\n",
      "Av[ 6 ]\n",
      " 4.0\n",
      "v_new=\n",
      " [ 0.          0.11111111  0.44444444  1.          0.11111111  0.22218662\n",
      "  0.55553775  1.11111111  0.44444444  0.55553775  0.88885329  1.44444444\n",
      "  1.          1.11111111  1.44444444  2.        ]\n",
      "A[ 9 ]\n",
      " [  0.   0.   0.   0.   0.   9.   0.   0.   9. -36.   9.   0.   0.   9.   0.\n",
      "   0.]\n",
      "Av[ 9 ]\n",
      " 4.0\n",
      "v_new=\n",
      " [ 0.          0.11111111  0.44444444  1.          0.11111111  0.22218662\n",
      "  0.55553775  1.11111111  0.44444444  0.55553775  0.88887999  1.44444444\n",
      "  1.          1.11111111  1.44444444  2.        ]\n",
      "A[ 10 ]\n",
      " [  0.   0.   0.   0.   0.   0.   9.   0.   0.   9. -36.   9.   0.   0.   9.\n",
      "   0.]\n",
      "Av[ 10 ]\n",
      " 4.0\n",
      "v_new=\n",
      " [ 0.          0.11111111  0.44444444  1.          0.11111111  0.22221332\n",
      "  0.55553775  1.11111111  0.44444444  0.55553775  0.88887999  1.44444444\n",
      "  1.          1.11111111  1.44444444  2.        ]\n",
      "A[ 5 ]\n",
      " [  0.   9.   0.   0.   9. -36.   9.   0.   0.   9.   0.   0.   0.   0.   0.\n",
      "   0.]\n",
      "Av[ 5 ]\n",
      " 4.0\n",
      "v_new=\n",
      " [ 0.          0.11111111  0.44444444  1.          0.11111111  0.22221332\n",
      "  0.55555111  1.11111111  0.44444444  0.55553775  0.88887999  1.44444444\n",
      "  1.          1.11111111  1.44444444  2.        ]\n",
      "A[ 6 ]\n",
      " [  0.   0.   9.   0.   0.   9. -36.   9.   0.   0.   9.   0.   0.   0.   0.\n",
      "   0.]\n",
      "Av[ 6 ]\n",
      " 4.0\n",
      "v_new=\n",
      " [ 0.          0.11111111  0.44444444  1.          0.11111111  0.22221332\n",
      "  0.55555111  1.11111111  0.44444444  0.55555111  0.88887999  1.44444444\n",
      "  1.          1.11111111  1.44444444  2.        ]\n",
      "A[ 9 ]\n",
      " [  0.   0.   0.   0.   0.   9.   0.   0.   9. -36.   9.   0.   0.   9.   0.\n",
      "   0.]\n",
      "Av[ 9 ]\n",
      " 4.0\n",
      "v_new=\n",
      " [ 0.          0.11111111  0.44444444  1.          0.11111111  0.22221332\n",
      "  0.55555111  1.11111111  0.44444444  0.55555111  0.88888666  1.44444444\n",
      "  1.          1.11111111  1.44444444  2.        ]\n",
      "A[ 10 ]\n",
      " [  0.   0.   0.   0.   0.   0.   9.   0.   0.   9. -36.   9.   0.   0.   9.\n",
      "   0.]\n",
      "Av[ 10 ]\n",
      " 4.0\n",
      "v_new=\n",
      " [ 0.          0.11111111  0.44444444  1.          0.11111111  0.22222\n",
      "  0.55555111  1.11111111  0.44444444  0.55555111  0.88888666  1.44444444\n",
      "  1.          1.11111111  1.44444444  2.        ]\n",
      "A[ 5 ]\n",
      " [  0.   9.   0.   0.   9. -36.   9.   0.   0.   9.   0.   0.   0.   0.   0.\n",
      "   0.]\n",
      "Av[ 5 ]\n",
      " 4.0\n",
      "v_new=\n",
      " [ 0.          0.11111111  0.44444444  1.          0.11111111  0.22222\n",
      "  0.55555444  1.11111111  0.44444444  0.55555111  0.88888666  1.44444444\n",
      "  1.          1.11111111  1.44444444  2.        ]\n",
      "A[ 6 ]\n",
      " [  0.   0.   9.   0.   0.   9. -36.   9.   0.   0.   9.   0.   0.   0.   0.\n",
      "   0.]\n",
      "Av[ 6 ]\n",
      " 4.0\n",
      "v_new=\n",
      " [ 0.          0.11111111  0.44444444  1.          0.11111111  0.22222\n",
      "  0.55555444  1.11111111  0.44444444  0.55555444  0.88888666  1.44444444\n",
      "  1.          1.11111111  1.44444444  2.        ]\n",
      "A[ 9 ]\n",
      " [  0.   0.   0.   0.   0.   9.   0.   0.   9. -36.   9.   0.   0.   9.   0.\n",
      "   0.]\n",
      "Av[ 9 ]\n",
      " 4.0\n",
      "v_new=\n",
      " [ 0.          0.11111111  0.44444444  1.          0.11111111  0.22222\n",
      "  0.55555444  1.11111111  0.44444444  0.55555444  0.88888833  1.44444444\n",
      "  1.          1.11111111  1.44444444  2.        ]\n",
      "A[ 10 ]\n",
      " [  0.   0.   0.   0.   0.   0.   9.   0.   0.   9. -36.   9.   0.   0.   9.\n",
      "   0.]\n",
      "Av[ 10 ]\n",
      " 4.0\n",
      "After 10  iterations, the residual on the final iteration is  1\n",
      "error= [  0.00000000e+00   0.00000000e+00   0.00000000e+00   0.00000000e+00\n",
      "   0.00000000e+00   2.22524007e-06   1.11262004e-06   0.00000000e+00\n",
      "   0.00000000e+00   1.11262004e-06   5.56310018e-07   0.00000000e+00\n",
      "   0.00000000e+00   0.00000000e+00   0.00000000e+00   0.00000000e+00]\n"
     ]
    },
    {
     "data": {
      "text/plain": [
       "array([ 0.        ,  0.11111111,  0.44444444,  1.        ,  0.11111111,\n",
       "        0.22222   ,  0.55555444,  1.11111111,  0.44444444,  0.55555444,\n",
       "        0.88888833,  1.44444444,  1.        ,  1.11111111,  1.44444444,  2.        ])"
      ]
     },
     "execution_count": 88,
     "metadata": {},
     "output_type": "execute_result"
    }
   ],
   "source": [
    "\n",
    "#-------------------------------\n",
    "#Jacobi Method\n",
    "#-------------------------------\n",
    "\n",
    "v_newk = vk[:]\n",
    "counter= list()\n",
    "residual = list()\n",
    "e = list()\n",
    "resid = list()\n",
    "error = list()\n",
    "res=1\n",
    "iteration = 0\n",
    "while res > 10**-6 and iteration in range(10) :\n",
    "    restot = 0\n",
    "    vk[:]=v_newk\n",
    "    for k in range (IM*JM):\n",
    "        if k not in BN:\n",
    "            #print(\"node k=\",k)\n",
    "            v_newk[k] = (-Upper[k,k+IM]*vk[k+IM] - Lower[k,k-IM]*vk[k-IM]- Upper[k,k+1]*vk[k+1] - Lower[k,k-1]*vk[k-1] + b[k] )/ Diag[k,k]\n",
    "            print(\"v_new=\\n\",v_newk)\n",
    "            print(\"A[\",k,\"]\\n\",A[k,:])\n",
    "            print(\"Av[\",k,\"]\\n\",np.dot(A[k,:],v_newk))\n",
    "            #res = np.dot(A[k],v_newk.T)\n",
    "            #print(\"res=\",res)\n",
    "\n",
    "\n",
    "\n",
    "    #res = np.linalg.norm(restot)\n",
    "\n",
    "    #Convergence data\n",
    "    counter.append(iteration)\n",
    "    residual.append(res)\n",
    "    iteration += 1\n",
    "\n",
    "    #Error\n",
    "    e = (uk - v_newk)\n",
    "    error.append(np.linalg.norm(e))\n",
    "\n",
    "print(\"After\",iteration,\" iterations,\",\n",
    "      \"the residual on the final iteration is \",res)\n",
    "\n",
    "print(\"error=\",e)\n",
    "    \n",
    "    \n",
    "v_new = v_newk.reshape(JM,IM)\n",
    "v_newk"
   ]
  },
  {
   "cell_type": "code",
   "execution_count": 89,
   "metadata": {
    "collapsed": false
   },
   "outputs": [
    {
     "data": {
      "text/plain": [
       "4.0000600814819336"
      ]
     },
     "execution_count": 89,
     "metadata": {},
     "output_type": "execute_result"
    }
   ],
   "source": [
    "k=5\n",
    "A[5]\n",
    "np.dot(A[5],v_newk)"
   ]
  },
  {
   "cell_type": "markdown",
   "metadata": {},
   "source": [
    "## Plots\n",
    "\n",
    "In the following figures the counter lines and the convergence are presented."
   ]
  },
  {
   "cell_type": "markdown",
   "metadata": {},
   "source": [
    "#### Counter Lines"
   ]
  },
  {
   "cell_type": "code",
   "execution_count": 90,
   "metadata": {
    "collapsed": false
   },
   "outputs": [
    {
     "data": {
